[Global]
showHUD=1
showWatermark=1
[Misc]
streamProof=0
[Radar]
enabled=1
range=250.000000
size=200.000000
blipSize=4.000000
color=1.000000,0.200000,0.200000,1.000000
[Aimbot]
enabled=1
teamCheck=0
targetNPCs=1
showFOV=0
drawTargetLine=1
fovRadius=100.000000
smoothing=5.000000
aimTarget=0
aimMethod=0
aimbotKey=2
fovThickness=1.000000
fovColor=1.000000,1.000000,1.000000,0.800000
[TriggerBot]
enabled=0
triggerKey=18
triggerDistance=15.000000
clickDelay=50
[ESP]
enabled=1
teamCheck=1
showNPCs=1
highlightTarget=1
viewAngles=0
offScreenArrows=1
arrowRadius=150.000000
boxes=1
boxStyle=0
boxFill=1
skeleton=1
skeletonThickness=1.500000
headDot=1
headDotSize=4.000000
names=1
distance=0
weapon=1
healthBar=1
healthText=0
textBackground=0
snaplines=0
snaplinePos=0
crosshair=0
crosshairSize=10.000000
crosshairThickness=1.000000
maxDistance=1000.000000
boxColor=1.000000,1.000000,1.000000,1.000000
boxFillColor=0.000000,0.000000,0.000000,0.400000
skeletonColor=1.000000,1.000000,1.000000,1.000000
headDotColor=1.000000,0.000000,0.000000,1.000000
snaplineColor=1.000000,1.000000,1.000000,0.600000
crosshairColor=1.000000,1.000000,1.000000,1.000000
targetHighlightColor=1.000000,0.800000,0.000000,1.000000
viewAngleColor=1.000000,0.000000,1.000000,1.000000
arrowColor=1.000000,0.200000,0.200000,1.000000
[Local]
speedEnabled=0
walkSpeed=16.000000
jumpEnabled=0
jumpPower=50.000000
fovChangerEnabled=0
cameraFOV=70.000000
